GATE_HI_CC: 681,759,48,35
GATE_HI_GW: 832,98,48,35
GATE_SU_HI: 223,463,48,35
GATE_HI_SH: 1236,505,48,35
HI_C13: 1085,499,152,35
HI_S06: 1139,479,48,35
HI_B04: 277,456,54,78
HI_S03: 269,424,48,35
HI_B12: 282,543,48,78
HI_B13: 302,623,66,78
HI_A15: 333,584,48,35
HI_A20: 371,584,48,35
HI_S01: 374,612,48,35
HI_A14: 332,534,48,35
HI_A07: 330,496,54,35
HI_C02: 386,451,54,121
HI_B02: 443,255,54,78
HI_A22: 448,1059,48,35
HI_C14: 454,940,49,121
HI_C01: 437,571,54,121
HI_B03: 498,579,110,35
HI_B08: 441,537,100,35
HI_C04: 547,448,62,121
HI_A25: 494,458,54,35
HI_A21: 592,462,48,35
HI_S02: 591,443,48,35
HI_B06: 606,536,100,37
HI_A10: 665,616,48,35
HI_S05: 700,612,48,35
HI_C11: 696,635,54,120
HI_B09: 741,586,54,78
HI_B07: 795,590,106,35
HI_B14: 839,495,54,78
HI_D01: 892,500,208,35
HI_C03: 771,450,54,121
HI_A11: 715,535,48,35
HI_B15: 649,814,104,35
HI_A04: 597,850,54,35
HI_A26: 557,816,48,35
HI_B05: 494,859,54,78
HI_A16: 488,21,54,35
HI_A17: 433,21,54,35
HI_A27: 543,21,48,35
HI_A23: 375,22,54,35
HI_A18: 444,92,54,37
HI_C05: 499,92,162,36
HI_A06: 663,94,54,35
HI_A24: 719,94,54,35
HI_S04: 723,57,48,35
HI_A19: 775,91,54,38
GATE_FT_HI: 10,163,48,35
HI_FC01: 58,116,152,74
HI_FC02: 235,115,152,35
HI_FC03: 288,152,48,74
HI_FC04: 291,227,100,35
HI_FC06: 391,223,48,35
HI_FC05: 26,592,48,35
