VX_F01: 1998,1378,302,35
VX_F02: 1693,1336,302,75
VX_F03: 2149,261,48,74
VX_F04: 2149,343,48,35
VX_F05: 2046,344,100,35
VX_F06: 2149,382,48,112
VX_F07: 2047,473,100,74
VX_F10: 1841,345,202,35
VX_F11: 1638,346,202,35
VX_F12: 1437,1376,252,35
VX_F13: 1336,1376,100,35
VX_F14: 1335,262,48,35
VX_F16: 1700,418,48,35
VX_F17: 1529,1801,156,45
VX_Vent1: 1994,461,48,35
VX_Vent2: 1915,417,100,35
VX_Vent3: 1761,417,152,35
VX_Vent4: 1581,381,48,35
VX_Vent5: 1582,348,48,35
VX_Urban6: 1948,478,48,75
VX_Urban2: 1900,553,152,35
VX_Urban3: 2069,553,48,35
VX_Urban4: 2140,551,102,35
VX_Urban5: 2005,514,204,35
VX_SUrban: 1958,2824,48,35
VX_FishSwallower: 1784,796,48,35
VX_F18: 1528,1888,100,35
VX_F19: 1636,1891,202,35
VX_F20: 1647,692,100,35
VX_F21: 1836,1896,48,112
VX_F22: 1574,1923,48,74
VX_F23: 1890,1901,48,35
VX_F24: 1888,1952,48,74
VX_F25: 1937,1992,100,35
VX_F26: 1682,1981,152,35
VX_F27: 1942,1902,152,35
VX_F28: 1627,1980,48,112
VX_F29: 1938,2026,48,74
VX_F30: 1684,2070,252,35
VX_F31: 1843,2110,48,113
VX_F32: 1843,2226,48,74
VX_F33: 1758,872,48,35
VX_F34: 2053,707,48,35
VX_Ever1: 2102,707,100,35
VX_Ever2B: 2181,749,152,35
VX_F35: 2039,1992,152,35
VX_F36: 2195,1992,48,35
VX_F37: 2007,1809,202,35
VX_F38: 1695,1413,100,154
VX_F39: 1895,1412,100,154
VX_F40: 1695,1571,100,154
VX_F41: 1895,1567,100,154
VX_F42: 1695,1726,100,74
VX_F43: 1895,1727,100,74
VX_F44: 1691,1806,302,35
VX_F45: 1795,2766,100,35
VX_L01: 1285,1223,48,187
VX_L02: 987,1180,248,75
VX_L03: 759,24,248,75
VX_L04: 528,1176,248,75
VX_L05: 420,1213,100,35
VX_L06: 309,1207,48,112
VX_L07: 260,1252,48,35
VX_L08: 310,1320,152,35
VX_L09: 464,1318,48,74
VX_L10: 813,1220,152,38
VX_L11: 861,1260,48,112
VX_L12: 595,64,48,150
VX_L13: 362,1210,48,35
VX_L14: 1334,1244,48,35
VX_L15: 522,10,100,35
VX_L16: 318,10,202,35
VX_L17: 1231,1218,48,35
VX_N02: 679,2692,152,35
VX_N03: 504,1600,226,80
VX_N05: 750,1607,276,40
VX_N07: 927,1552,48,35
VX_N08: 1030,1566,202,35
VX_N09: 1337,1565,152,35
VX_N10: 1526,1571,152,35
VX_N11: 1031,1615,152,35
VX_N14: 1439,1616,251,35
VX_N16: 1079,453,48,35
VX_N17: 1284,1565,48,35
VX_None: 1236,1566,48,35
VX_O03: 1391,2749,72,78
VX_O04: 1464,2802,100,35
GATE_VX_O8: 1563,2804,48,35
VX_R01: 1080,2807,48,151
VX_R02: 928,1805,352,35
VX_R04: 424,1801,302,35
VX_R05: 450,1715,48,74
VX_R06: 218,2955,202,35
VX_R07: 61,2957,152,35
VX_R08: 163,2992,48,112
VX_R09: 113,3070,48,35
VX_R10: 169,3106,48,35
VX_R11: 1074,1888,202,35
VX_R12: 1073,2996,57,118
VX_R16: 1079,3120,48,35
VX_R17: 871,1889,202,35
VX_R19: 1474,1888,50,35
VX_R20: 2246,3145,251,36
VX_R21: 2502,3148,202,35
VX_R22: 2709,3149,152,35
VX_R24: 2451,1811,251,35
VX_R25: 2604,3019,48,112
VX_R26: 2604,3183,48,112
VX_R27: 2596,2883,48,74
VX_R28: 2732,1811,152,35
VX_R29: 2599,536,100,35
VX_R30: 2906,1708,103,112
VX_R31: 3009,1593,103,112
VX_R32: 2702,447,48,112
VX_R33: 2754,449,100,35
VX_R34: 2754,542,152,35
VX_R35: 2858,424,48,112
VX_R36: 2909,464,100,35
VX_R37: 2649,445,48,35
VX_R38: 3125,1594,202,35
VX_R39: 3335,1592,152,78
VX_R40: 228,1692,100,35
VX_R41: 228,1745,48,35
VX_X01: 762,1387,251,35
VX_X02: 596,1356,48,74
VX_X04: 1043,1389,48,35
VX_X05: 1124,1386,48,74
VX_X06: 409,1392,100,74
VX_X07: 593,2609,152,35
VX_X09: 403,2664,100,35
VX_X10: 407,2628,48,35
VX_X12: 925,301,100,74
VX_X13: 1077,309,201,35
VX_X14: 1284,306,150,74
VX_X16: 863,2573,48,35
VX_X17: 863,2609,48,74
VX_X18: 403,2719,48,35
VX_X19: 398,2757,100,113
VX_X20: 659,2652,48,35
VX_X21: 1027,312,48,37
VX_X23: 310,1432,100,35
VX_X24: 312,2624,48,74
VX_X25: 251,2700,152,35
VX_X26: 267,2735,52,112
VX_Long1: 782,246,200,35
VX_Long2: 519,245,252,35
VX_SPipe: 778,1348,48,35
VX_S01: 2200,418,48,35
VX_S02: 210,1252,48,35
VX_S03: 1174,1408,48,35
VX_S04: 344,2829,48,35
VX_S05: 869,1552,48,35
VX_S06: 175,1915,48,35
VX_S07: 1749,697,48,35
VX_S08: 1827,870,48,35
VX_S10: 2604,929,48,35
VX_S11: 2857,387,48,35
VX_S12: 1232,1182,48,35
VX_S13: 1080,1924,48,35
VX_S14: 1638,309,48,35
VX_Flat: 71,62,48,35
