FT_F01: 2056,1418,302,35
FT_F02: 1746,1379,302,75
FT_F03: 2207,2658,48,74
FT_F04: 2207,2745,48,35
FT_F05: 2100,2744,100,35
FT_F06: 2207,2777,48,112
FT_F07: 2100,2868,100,74
FT_F08: 1914,2905,152,35
FT_F09: 1842,2826,48,112
FT_F10: 1891,2743,202,35
FT_F11: 1682,2744,202,35
FT_F12: 1489,1420,252,35
FT_F13: 1384,1420,100,35
FT_F14: 1386,2681,48,35
FT_F17: 1584,1892,156,45
FT_F18: 1587,1983,100,35
FT_F19: 1697,1983,202,35
FT_F20: 1704,1941,100,35
FT_F21: 1899,1993,48,112
FT_Vain: 1842,3256,48,35
FT_F22: 1631,2020,48,74
FT_F23: 1950,1998,48,35
FT_F24: 1946,2040,48,74
FT_F25: 2002,2083,100,35
FT_F26: 1748,2078,152,35
FT_F27: 2010,1997,152,35
FT_F28: 1689,2075,48,112
FT_F29: 2019,2118,48,74
FT_F30: 1752,2162,252,35
FT_F31: 1911,2208,48,113
FT_F32: 1907,2334,48,74
FT_F33: 1826,3338,48,35
FT_F34: 2113,1949,48,35
FT_F35: 2100,2090,152,35
FT_F36: 2249,3299,48,35
FT_F37: 2068,1897,202,35
FT_F38: 1746,1458,100,154
FT_F39: 1947,1458,100,154
FT_F40: 1746,1615,100,154
FT_F41: 1947,1618,100,154
FT_F42: 1744,1794,100,74
FT_F43: 1947,1791,100,74
FT_F44: 1743,1894,302,35
FT_F45: 1847,1661,100,35
FT_L01: 1334,1269,48,187
FT_L02: 1060,1220,248,75
FT_L03: 809,2428,248,75
FT_L04: 557,1219,248,75
FT_L05: 451,1259,100,35
FT_L06: 337,1256,48,112
FT_L07: 280,1299,48,35
FT_L08: 338,1380,152,35
FT_L09: 502,1373,48,74
FT_L10: 881,1257,152,35
FT_L11: 930,1295,48,112
FT_L12: 655,2483,48,150
FT_L14: 1383,1292,48,35
FT_L15: 555,2476,100,35
FT_L16: 349,2479,202,35
FT_L17: 1293,53,48,35
GATE_TX_FT: 192,2476,152,35
FT_S01: 2258,2817,48,35
FT_S02: 227,1298,48,35
FT_S03: 1192,1437,48,35
FT_X01: 811,1418,251,35
FT_X02: 654,1434,48,74
FT_X03: 712,1420,48,35
FT_X04: 1075,1419,48,35
FT_X05: 1135,1415,48,74
FT_X06: 451,1455,100,74
FT_X07: 639,319,152,35
FT_X08: 567,1534,48,74
FT_X09: 434,1575,100,35
FT_X10: 434,1535,48,35
FT_X11: 795,318,100,35
FT_X12: 898,317,100,74
FT_X13: 1083,322,201,35
FT_X14: 1334,317,150,74
FT_X15: 1518,325,152,35
GATE_FT_SB: 2362,1423,48,35
FT_N01: 939,2872,152,35
FT_N02: 694,401,152,35
FT_N03: 519,1663,202,75
FT_N04: 889,403,100,35
FT_N05: 764,1663,252,35
FT_N06: 958,521,48,74
FT_N07: 900,1616,48,35
FT_N08: 1010,401,202,35
FT_N09: 1392,408,152,35
FT_N10: 1574,406,152,35
FT_N11: 1074,454,152,35
FT_N12: 1281,455,202,35
FT_N13: 1124,561,251,35
FT_N14: 1493,451,251,35
FT_N15: 1652,488,100,35
FT_N16: 1076,1681,48,35
FT_None: 1253,402,48,35
FT_R01: 1074,525,48,151
FT_R02: 915,1897,352,35
FT_R03: 749,1897,152,35
FT_R04: 432,1897,302,35
FT_R05: 457,1791,48,74
FT_R06: 214,1898,202,35
FT_R07: 63,1897,152,35
FT_R08: 166,1928,48,112
FT_R09: 120,2006,48,35
FT_R10: 166,2043,48,35
FT_R12: 1066,725,57,118
FT_R11: 1064,1982,202,35
FT_R13: 1270,1896,202,35
FT_R14: 1272,1982,252,35
FT_R15: 1402,1936,48,35
FT_R16: 1074,852,48,35
FT_R17: 854,1982,202,35
FT_R18: 1477,1896,102,35
FT_R19: 1529,1982,50,35
FT_R20: 2291,2090,251,36
FT_R21: 2564,2090,202,35
FT_R22: 2792,2090,152,35
FT_R23: 2277,1892,250,35
FT_R24: 2521,1892,251,35
FT_R25: 2674,748,48,112
FT_R26: 2670,919,48,112
FT_R27: 2675,601,48,74
FT_R28: 2773,3101,152,35
FT_R29: 2678,572,100,35
FT_R30: 2922,2986,103,112
FT_R31: 3027,2881,103,112
FT_R32: 2774,478,48,112
FT_R33: 2820,480,100,35
FT_R34: 2819,556,152,35
FT_R35: 2920,445,48,112
FT_R36: 2954,489,100,35
FT_R37: 2727,477,48,35
FT_R38: 3141,2884,202,35
FT_R39: 3351,2880,152,78
FT_R40: 238,1784,100,35
FT_R41: 229,1841,48,35
FT_X16: 919,2673,48,35
FT_X17: 923,2747,48,74
FT_X18: 423,1623,48,35
FT_X19: 410,1659,100,112
FT_X20: 692,356,48,35
FT_S04: 351,1740,48,35
FT_S05: 887,2872,48,35
FT_S06: 165,3227,48,35
FT_S07: 1799,1948,48,35
FT_S08: 1896,3340,48,35
FT_S09: 2376,1858,48,35
FT_S10: 2670,2185,48,35
FT_S11: 2918,1625,48,35
FT_S12: 1291,17,48,35
FT_S13: 1075,2038,48,35
FT_S14: 1689,2707,48,35
FT_S15: 797,1486,48,35
GATE_FT_FO: 1088,2872,48,35
GATE_PU_FT: 10,1921,48,35
GATE_GC_FT: 709,3190,152,35
GATE_FT_NC: 2950,2091,48,35
GATE_FT_HI: 3501,1725,48,35
FT_F15: 1776,2909,48,35
FT_F16: 1761,2823,48,35
FT_L13: 394,1260,48,35
FT_N17: 1320,404,48,35
FT_N18: 1231,1664,48,35
FT_N19: 1330,505,48,35
FT_N20: 1018,565,48,35
FT_X21: 1016,323,48,37
FT_X22: 763,1421,48,35
FT_X23: 338,1495,100,35
FT_X24: 336,1529,48,74
FT_X25: 269,1605,152,35
FT_X26: 281,1651,52,112
